380.0  210.0  390.0  220.0
370.0  270.0  380.0  280.0 
380.0  340.0  390.0  350.0 
440.0  360.0  450.0  370.0 
510.0  360.0  520.0  370.0 
580.0  310.0  590.0  320.0 
540.0  360.0  550.0  370.0 
560.0  420.0  570.0  430.0 
540.0  500.0  550.0  510.0 
580.0  550.0  590.0  560.0 
570.0  600.0  580.0  610.0 
650.0  630.0  660.0  640.0 
570.0  610.0  580.0  620.0 
540.0  660.0  550.0  670.0 
490.0  690.0  500.0  700.0 
440.0  670.0  450.0  680.0 
400.0  640.0  410.0  650.0 
340.0  650.0  350.0  660.0 
320.0  690.0  330.0  700.0 
280.0  700.0  290.0  710.0 
250.0  660.0  260.0  670.0 
220.0  620.0  230.0  630.0 
170.0  620.0  180.0  630.0 
170.0  680.0  180.0  690.0 
170.0  730.0  180.0  740.0 
170.0  770.0  180.0  780.0 
160.0  730.0  170.0  740.0 
160.0  680.0  170.0  690.0 
140.0  640.0  150.0  650.0 
120.0  700.0  130.0  710.0 
60.0  700.0  70.0  710.0 
120.0  690.0  130.0  700.0 
120.0  640.0  130.0  650.0 
120.0  580.0  130.0  590.0 
40.0  580.0  50.0  590.0 
160.0  520.0  170.0  530.0 
170.0  580.0  180.0  590.0 
170.0  610.0  180.0  620.0 
220.0  610.0  230.0  620.0 
280.0  580.0  290.0  590.0 
310.0  530.0  320.0  540.0 
320.0  470.0  330.0  480.0 
330.0  420.0  340.0  430.0 
310.0  370.0  320.0  380.0 
250.0  390.0  260.0  400.0 
290.0  340.0  300.0  350.0 
260.0  310.0  270.0  320.0 
210.0  280.0  220.0  290.0 
170.0  240.0  180.0  250.0 
210.0  190.0  220.0  200.0 
180.0  240.0  190.0  250.0 
180.0  310.0  190.0  320.0 
240.0  300.0  250.0  310.0 
290.0  350.0  300.0  360.0 
370.0  340.0  380.0  350.0 
380.0  270.0  390.0  280.0 
390.0  210.0  400.0  220.0